.Random.seed <-
c(403L, 10L, 1537092761L, 1827466536L, 1710103510L, 1501749329L, 
-910421245L, 652157586L, -2008215516L, 1537441511L, -1744809155L, 
1867230132L, 1919178778L, 1842424677L, -629279233L, 1280850054L, 
-849026032L, -575351117L, 1443153233L, 1120967936L, 494315486L, 
-1379572695L, 1948484571L, 1205508330L, 918763148L, 958687695L, 
-1412768379L, 1049249340L, 1558252306L, 1790126093L, -596862137L, 
659050798L, -1393371000L, -1514111605L, -607877783L, 1443948344L, 
929524198L, 2078264705L, 1473437971L, -784367934L, 837646708L, 
-303996553L, 83112557L, -1823621884L, -335079382L, 1983640981L, 
-1089938897L, -1761892554L, 121345888L, 673709475L, -219629887L, 
-1573138768L, -1573803570L, 3980601L, -594005685L, 719540986L, 
1273185276L, -2023054273L, -1631068907L, 446350892L, 151153410L, 
1791342557L, 640230103L, -1048724034L, -1577093128L, 1860236251L, 
687132217L, 628660104L, -367237322L, 1585599857L, 1828392867L, 
1599911666L, 960462404L, 450240775L, 709843165L, -528314924L, 
-1330544390L, -1969547195L, 1750458527L, -1158346202L, 2060566192L, 
1634378579L, -1955180943L, 1489433504L, 492786494L, 1440037449L, 
-1350316293L, -1883648310L, 558501932L, -939923409L, -1989519131L, 
-860638820L, -1776133134L, -1317804435L, -506989657L, -312594994L, 
1847618344L, -1321656021L, 814865225L, -272752552L, 2136020230L, 
1909702881L, 1497446515L, 2092078306L, 441443412L, 2141243735L, 
-1588582067L, 872467684L, 1006497994L, 2005294389L, 90862479L, 
914155670L, -624920512L, 723427587L, 1573588257L, -1675583984L, 
-500175378L, 1911087513L, -534303189L, -953026790L, 252530140L, 
-1356942369L, 766489525L, -1943876276L, -1254184030L, -1596128515L, 
749919223L, -1560771298L, 1525671896L, 469301563L, 1072582361L, 
1907581544L, -1404714090L, -148576495L, -1878540093L, -1194499886L, 
-209205916L, -799344473L, 1403112957L, 1097789428L, -414967590L, 
-1877517787L, 1791178559L, 1064694982L, -807622320L, -925263501L, 
-1081957487L, 1146893760L, 1841229726L, -110505623L, -857890405L, 
1165464746L, -1171844404L, -1044817009L, 190652357L, 909296508L, 
501169106L, -874841267L, -86226425L, -76572178L, 884602056L, 
1415207883L, 1845661225L, 431375480L, -583007834L, -488315967L, 
523505747L, 541398786L, 2098750004L, 591779767L, -1416460371L, 
-1520585532L, -302925590L, 159080277L, 1057894639L, -1410468106L, 
738189856L, -1178572829L, -406254463L, 1204243184L, -1943174770L, 
1746661113L, 832380043L, 1013417146L, 473767868L, -2103583489L, 
961065045L, -1404083348L, -807478334L, -1397748707L, 546434199L, 
1516489214L, -362542664L, 126748059L, -1719522311L, -1091882168L, 
-1643733386L, -329771087L, -931534365L, 112049842L, -1691880700L, 
1964011591L, 2114787101L, -150540908L, 853479738L, -426578555L, 
-283777441L, -1345138458L, -1863871632L, -958450541L, 131248433L, 
1965365216L, -6251394L, 1442189065L, 1055347003L, -2113850102L, 
1823157484L, -1791518353L, 2075434661L, 513699932L, -779130830L, 
769040173L, 1652813287L, 1416802574L, -456272152L, 700774635L, 
-1910965879L, 10881304L, 1581980742L, 1911214018L, -412814552L, 
757266860L, -1769874116L, -1030153358L, -380506832L, -1779964124L, 
-1512504008L, -1371781414L, -412983408L, 1598348028L, -129164396L, 
-2014940094L, -1987382016L, -1110865860L, 825605456L, 751297698L, 
-2093569208L, 1192779532L, 1922842332L, 1451536210L, -143083904L, 
1353119828L, -638368792L, -433263878L, -1373104816L, 1408958252L, 
-1967381644L, -684481646L, -675761568L, -413657204L, 1871066976L, 
-387775518L, -1340171352L, 709250252L, -985622020L, 1479686066L, 
816104944L, 547644868L, 509163864L, 1352338810L, 1210432944L, 
-322362436L, -151973804L, -351801406L, 69935136L, 704180412L, 
-1212999088L, -1608308766L, 1337359976L, -1380364724L, -758058756L, 
-120866830L, -1466391296L, 384902004L, 1229201416L, -235441734L, 
-319005232L, 932099052L, -445199468L, 745921490L, 1718134624L, 
-929316532L, -834064096L, 1674317698L, -1670084888L, -340272916L, 
-928360900L, 354136946L, -116730256L, 1725981732L, -1216319688L, 
1806391450L, 1851059920L, -1296249668L, 1314392724L, 1024451202L, 
246517952L, 1955431740L, -1844455280L, -1825647070L, -1764789752L, 
1907391756L, -2083585380L, -1521863150L, 150493568L, 2120669716L, 
430677544L, -808918726L, 1478831056L, -867742100L, 1926366004L, 
-374332782L, 445752672L, 636951884L, 180450272L, 1759858594L, 
593543080L, 860465036L, -1950709060L, 284263282L, -759174928L, 
2107053124L, -1169066664L, -2068418502L, -931146896L, 1072972860L, 
-2141025516L, 1055757762L, -676983584L, -643588228L, -2098452784L, 
2046638754L, 848770088L, -1855839988L, -42542148L, -1716409038L, 
1534134208L, 1764509236L, 2012173256L, 589819066L, 977051536L, 
-168951316L, 333046868L, 1309219474L, 1633733408L, 989915596L, 
-590806048L, 424234690L, -2039699928L, -2074722644L, 926674620L, 
-707063310L, 1482805552L, -1910155100L, 1940478648L, 1583581018L, 
-178184816L, -928289412L, 142559508L, 1281873218L, -1837370624L, 
-132463684L, 2045555536L, -1967993566L, -1588709048L, 1424894988L, 
1665950812L, -1768389422L, -302795776L, -1686358188L, 617363944L, 
745571322L, -1550966064L, 2015669548L, 452101364L, -957840494L, 
208786528L, 1680771340L, -1255914784L, 1235127650L, -405109080L, 
-1979081140L, 957457276L, 1707405106L, -703018384L, 1454391620L, 
-1733527592L, -2024713094L, 1648134704L, -1457834308L, -1223182508L, 
1135789634L, 6297504L, 546317500L, 1023091152L, -673566366L, 
-373297176L, -1484155956L, -394090756L, 1845281778L, -1218630528L, 
712640756L, 837886088L, 798409018L, 2014686032L, -1680932756L, 
597326996L, 1568605522L, -1600238880L, -1730622260L, -1574718304L, 
-358763134L, 238724328L, -1352465172L, 1686124604L, -1291801486L, 
-1852629904L, -1452117468L, -885012936L, 1648091674L, 963955920L, 
721022524L, 1856624788L, -2033597310L, 590365632L, -995333828L, 
151965328L, 1484264482L, -2026471416L, -1286396788L, -1266688996L, 
195027090L, 1063083136L, 1828441108L, 1897371432L, 844251194L, 
-2107926320L, -89124756L, -409991500L, 1953877010L, -910318624L, 
-41471028L, -2096358944L, -924506078L, -683725528L, 2052649228L, 
-55985825L, -2023403287L, -1370773506L, -560501780L, 64577341L, 
-231324921L, 687414000L, -251018610L, 977198267L, -949208931L, 
-878885814L, -1509286296L, 1053250129L, -45592253L, 582404164L, 
1155402482L, -394784057L, -1574752111L, -1392493034L, 578337908L, 
-1412745467L, -1511369393L, -256989368L, -129814810L, 1677414419L, 
-763467915L, -304609454L, -2121138272L, 721390217L, -1866846533L, 
632888588L, 1552326810L, 113301007L, -1224179111L, -692322578L, 
-602448516L, -2047320595L, 2131049111L, -944499360L, 1649070398L, 
-1900545525L, 528121485L, 1645732794L, -1648494088L, 1278182817L, 
1108089683L, -1777192332L, -1567943678L, 499398295L, 796057697L, 
590609574L, -1111683932L, 1828228437L, -2118769153L, -1741640552L, 
181705142L, 116302403L, -974682235L, -2126568414L, -534288624L, 
-506416455L, 445818731L, 397338204L, -1180783734L, -1074805889L, 
-1992937783L, 599009118L, -2144404468L, -184304675L, -1120190745L, 
-223002864L, -761524690L, -81906469L, 1669913021L, 1411487530L, 
2098311112L, -792967951L, 504756835L, -1171022236L, -41196142L, 
230691431L, -1428239823L, -1870878858L, -627684204L, 532898469L, 
620621743L, -1502860184L, 715636806L, 1994483187L, 108491093L, 
73384754L, 1215321856L, 1992328169L, 37641819L, -753499988L, 
1753581242L, -689572753L, 1450439161L, -478034802L, -1514934948L, 
-162021939L, -1193508553L, -1017222208L, -951630690L, 548153707L, 
-806350611L, -128489126L, -464801256L, -1575915647L, -1600111309L, 
1392227156L, -1651382942L, -1096665609L, 840949313L, 60725958L, 
-1083921404L, 1345268661L, 68519071L, -1314066184L, 1604323542L, 
-1872420509L, 423193893L, 1731017410L, 1204959152L, -333517863L, 
244335947L, -884988996L, -1422021654L, -482546657L, -1854362967L, 
1366236734L, 1869222700L, 1842085245L, 1105417159L, 101548720L, 
1954808014L, -1607181829L, -68715939L, 219174282L, 698936744L, 
